01  256  005 6250 056425 35
00  326  085 0760 950305 80
36  900  292 9012 050015 61
01  264  015 6802 008023 45
01  268  126 1000 548002 68
05  838  150 5901 594489 08
01  590  159 0804 890015 90
01  560  105 9084 984059 45
02  648  015 6410 548059 09
08  908  105 9459 080594 08
04  894  015 9004 980009 88
05  918  045 9040 048120 49
42  069  428 8465 969005 42
12  688  056 4004 590045 90
10  594  159 4002 890589 78
74  890  159 0804 594049 87
15  450  004 5700 459000 57
04  987  056 4849 500109 56
04  508  049 5410 540045 90
04  594  409 5440 988049 80
00  045  045 9404 988221 67
00  165  102 6045 904015 90
01  594  195 0940 984089 70
16  105  059 0948 905659 48
59  480  450 0904 950049 85
04  594  409 8505 988048 95
10  260  559 4815 904049 80
04  984  509 5115 902024 59
23  015  405 4905 984015 94
01  594  059 4840 598015 90
15  906  159 0444 564105 65
04  594  540 8008 904049 48
40  954  404 4500 006262 85
05  904  495 0440 590504 56
06  545  409 8401 594045 64
04  905  405 9440 940588 77
40  598  089 4804 894409 87
23  564  569 8745 632580 80
56  894  156 7896 121489 59
56  324  789 1456 321594 20
23  562  345 8596 413659 26
36  251  447 5869 360025 08
12  995  001 5909 084045 94
22  800  206 9529 045014 87